[gd_scene load_steps=6 format=2]

[ext_resource path="res://Scripts/Spatial.gd" type="Script" id=1]
[ext_resource path="res://Scenes/Crate.tscn" type="PackedScene" id=2]

[sub_resource type="ConvexPolygonShape" id=3]
points = PoolVector3Array( 5, 0, 5, -5, 0, 5, 5, 0, -5, -5, 0, -5 )

[sub_resource type="SpatialMaterial" id=1]
albedo_color = Color( 0.113725, 0.333333, 0.211765, 1 )

[sub_resource type="PlaneMesh" id=2]
material = SubResource( 1 )
size = Vector2( 10, 10 )

[node name="Spatial" type="Spatial"]
script = ExtResource( 1 )

[node name="Ground" type="StaticBody" parent="."]

[node name="CollisionShape" type="CollisionShape" parent="Ground"]
shape = SubResource( 3 )

[node name="MeshInstance" type="MeshInstance" parent="Ground"]
mesh = SubResource( 2 )
material/0 = null

[node name="Crate" parent="." instance=ExtResource( 2 )]
transform = Transform( 1, 0, 0, 0, 1, 0, 0, 0, 1, 0, 0.264304, 0 )

[node name="Crate2" parent="." instance=ExtResource( 2 )]
transform = Transform( 1, 0, 0, 0, 1, 0, 0, 0, 1, 0.503071, 0.765483, 0 )

[node name="Crate3" parent="." instance=ExtResource( 2 )]
transform = Transform( 1, 0, 0, 0, 1, 0, 0, 0, 1, 0.50459, 0.263528, 0 )

[node name="Crate4" parent="." instance=ExtResource( 2 )]
transform = Transform( 1, 0, 0, 0, 1, 0, 0, 0, 1, 1.0027, 0.764625, 0 )

[node name="Crate5" parent="." instance=ExtResource( 2 )]
transform = Transform( 1, 0, 0, 0, 1, 0, 0, 0, 1, 1.0027, 0.263913, 0 )

[node name="Crate6" parent="." instance=ExtResource( 2 )]
transform = Transform( 1, 0, 0, 0, 1, 0, 0, 0, 1, 1.0027, 1.26394, 0 )

[node name="Crate7" parent="." instance=ExtResource( 2 )]
transform = Transform( 0.889756, -0.456437, 0, 0.456437, 0.889756, 0, 0, 0, 1, 0.591941, 2.13299, 0 )

[node name="CameraHub" type="Spatial" parent="."]

[node name="Camera" type="Camera" parent="CameraHub"]
transform = Transform( 1, 0, 0, 0, 0.810941, 0.585127, 0, -0.585127, 0.810941, 0, 3.19207, 4.77065 )

[node name="DirectionalLight" type="DirectionalLight" parent="."]
transform = Transform( 0.900891, 0.0881434, 0.425001, -0.423877, 0.389363, 0.817756, -0.0933997, -0.916857, 0.388135, 3.38113, 3.19376, 4.09397 )
shadow_enabled = true
